22621.2283
22621.2215
22621.2134
22621.2070
22621.1992
22621.1928
22621.1848
22621.1778
22621.1702
22621.1635
22621.1555
22621.1485
22621.1413
22621.1344
22621.1265
22621.1194
22621.1105
22621.963
22621.900
22621.819
22621.755
22621.675
22621.674
22621.608
22621.525
22621.521
22000.2416
22000.2360
22000.2295
22000.2245
22000.2176
22000.2124
22000.2057
22000.2003
22000.1936
22000.1880
22000.1817
22000.1761
22000.1696
22000.1641
22000.1574
22000.1516
22000.1455
22000.1335
22000.1281
22000.1219
22000.1165
22000.1100
22000.1098
22000.1042
22000.978
22000.918
22000.856
22000.832
22000.795
22000.778
22000.740
22000.739
22000.708
22000.675
22000.652
22000.613
22000.593
22000.556
22000.527
22000.493
22000.469
22000.438
22000.434
22000.376
22000.348
22000.318
22000.282
22000.258
22000.194
19045.3448
19045.3393
19045.3324
19045.3271
19045.3208
19045.3155
19045.3086
19045.3031
19045.2965
19045.2913
19045.2846
19045.2788
19045.2728
19045.2673
19045.2604
19045.2546
19045.2486
19045.2364
19045.2311
19045.2251
19045.2130
19044.3448
19044.3324
19044.3208
19044.3086
19044.2965
19044.2846
19044.2788
19044.2728
19044.2673
19044.2604
19044.2546
19044.2486
19044.2364
19044.2311
19044.2251
19044.2194
19044.2193
19044.2132
19044.2130
19044.2075
19044.2006
19044.1949
19044.1889
19044.1865
19044.1826
19044.1806
19044.1767
19044.1766
19044.1741
19044.1708
19044.1706
19044.1682
19044.1645
19044.1620
19044.1586
19044.1566
19044.1526
19044.1503
19044.1469
19044.1466
19044.1415
19044.1387
19044.1288
19043.2364
19043.2311
19043.2251
19043.2194
19043.2193
19043.2132
19043.2130
19043.2075
19043.2006
19043.1949
19043.1889
19043.1865
19043.1826
19043.1806
19043.1767
19043.1766
19043.1741
19043.1708
19043.1706
19043.1682
19043.1645
19043.1620
19043.1586
19043.1566
19043.1526
19043.1503
19043.1469
19043.1466
19043.1415
19043.1387
19043.1348
19043.1320
19043.1288
19043.1266
19043.1237
19043.1202
19043.1165
19043.1151
19043.1110
19043.1083
19043.1082
19043.1081
19043.1055
19043.1052
19043.1023
19043.985
19042.2965
19042.2846
19042.2788
19042.2728
19042.2673
19042.2604
19042.2546
19042.2486
19042.2364
19042.2311
19042.2251
19042.2194
19042.2193
19042.2132
19042.2130
19042.2075
19042.2006
19042.1949
19042.1889
19042.1865
19042.1826
19042.1806
19042.1767
19042.1766
19042.1741
19042.1708
19042.1706
19042.1682
19042.1645
19042.1620
19042.1586
19042.1566
19042.1526
19042.1503
19042.1469
19042.1466
19042.1415
19042.1387
19042.1348
19042.1320
19042.1288
19042.1266
19042.1237
19042.1202
19042.1165
19042.1151
19042.1110
19042.1083
19042.1082
19042.1081
19042.1055
19042.1052
19042.1023
19042.985
19042.964
19042.928
19042.906
19042.870
19042.868
19042.867
19042.844
19042.804
19042.789
19042.746
19042.685
19042.662
19042.631
19042.630
19042.610
19042.572
19041.1415
19041.1387
19041.1348
19041.1320
19041.1288
19041.1266
19041.1237
19041.1202
19041.1165
19041.1151
19041.1110
19041.1083
19041.1082
19041.1081
19041.1055
19041.1052
19041.1023
19041.985
19041.964
19041.928
19041.906
19041.870
19041.868
19041.867
19041.844
19041.804
19041.789
19041.746
19041.685
19041.662
19041.631
19041.630
19041.610
19041.572
19041.546
19041.508
19041.488
19041.450
19041.423
19041.388
19041.331
19041.329
19041.264
18363.2274
18363.2212
18363.2158
18363.2094
18363.2039
18363.2037
18363.1977
18363.1916
18363.1854
18363.1832
18363.1801
18363.1766
18363.1734
18363.1714
18363.1679
18363.1646
18363.1645
18363.1621
18363.1593
18363.1556
18363.1533
18363.1500
18363.1474
18363.1443
18363.1441
18363.1440
18363.1411
18363.1379
18363.1377
18363.1350
18363.1316
18363.1256
18363.1237
18363.1199
18363.1198
18363.1171
18363.1139
18363.1110
18363.1082
18363.1049
18363.1016
18363.997
18363.959
18363.904
18363.900
18363.836
18363.815
18363.778
18363.753
18363.752
18363.720
18363.719
18363.693
18363.657
18363.628
18363.592
18363.535
18363.476
18362.1256
18362.1237
18362.1199
18362.1198
18362.1171
18362.1139
18362.1110
18362.1082
18362.1049
18362.1016
18362.997
18362.959
18362.904
18362.900
18362.836
18362.815
18362.778
18362.753
18362.752
18362.720
18362.719
18362.693
18362.657
18362.628
18362.592
18362.535
18362.476
18362.449
18362.418
18362.388
18362.387
18362.357
18362.356
18362.329
18362.295
18362.267
18362.239
18362.207
18362.175
18362.145
18362.116
17763.4851
17763.4737
17763.4645
17763.4499
17763.4377
17763.4252
17763.4131
17763.4010
17763.3887
17763.3772
17763.3770
17763.3653
17763.3650
17763.3534
17763.3532
17763.3469
17763.3406
17763.3346
17763.3287
17763.3232
17763.3165
17763.3113
17763.3046
17763.2989
17763.2931
17763.2928
17763.2867
17763.2803
17763.2746
17763.2686
17763.2628
17763.2565
17763.2510
17763.2458
17763.2452
17763.2369
17763.2366
17763.2330
17763.2305
17763.2300
17763.2268
17763.2237
17763.2213
17763.2183
17763.2145
17763.2114
17763.2091
17763.2090
17763.2061
17763.2029
17763.2028
17763.1999
17763.1971
17763.1935
17763.1911
17763.1879
17763.1852
17763.1823
17763.1821
17763.1817
17763.1790
17763.1757
17763.1728
17763.1697
17763.1637
17763.1613
17763.1579
17763.1577
17763.1554
17763.1518
17763.1490
17763.1457
17763.1432
17763.1397
17763.1369
17763.1339
17763.1294
17763.1282
17763.1217
17763.1192
17763.1158
17763.1132
17763.1131
17763.1098
17763.1075
17763.1039
17763.1012
17763.973
17763.914
17763.864
17763.832
17763.805
17763.775
17763.774
17763.740
17763.737
17763.720
17763.678
17763.652
17763.615
17763.593
17763.592
17763.557
17763.529
17763.504
17763.503
17763.475
17763.439
17763.437
17763.404
17763.379
17763.348
17763.316
17763.292
17763.253
17763.195
17763.194
17763.168
17763.134
17763.107
17763.55
17763.1
17134.2208
17134.2145
17134.2090
17134.2088
17134.2087
17134.2026
17134.1967
17134.1902
17134.1845
17134.1792
17134.1726
17134.1667
17134.1610
17134.1553
17134.1550
17134.1488
17134.1456
17134.1425
17134.1401
17134.1399
17134.1365
17134.1345
17134.1304
17134.1276
17134.1246
17134.1184
17134.1130
17134.1099
17134.1069
17134.1040
17134.1039
17134.1009
17134.1006
17134.984
17134.950
17134.915
17134.885
17134.860
17134.858
17134.829
17134.799
17134.766
17134.765
17134.753
17134.706
17134.677
17134.648
17134.619
17134.590
17134.556
17134.523
17134.472
17134.471
17134.441
17134.407
17134.376
17134.345
17134.320
17134.286
17134.285
17134.254
17134.228
17134.191
17134.167
17134.165
17134.137
17134.112
17134.83
17134.81
17134.48
16299.2166
16299.2107
16299.2045
16299.1992
16299.1937
16299.1932
16299.1868
16299.1806
16299.1776
16299.1775
16299.1747
16299.1717
16299.1686
16299.1654
16299.1625
16299.1565
16299.1508
16299.1481
16299.1451
16299.1421
16299.1420
16299.1392
16299.1387
16299.1365
16299.1331
16299.1296
16299.1268
16299.1239
16299.1237
16299.1217
16299.1182
16299.1150
16299.1146
16299.1127
16299.1087
16299.1059
16299.1029
16299.1004
16299.967
16299.936
16299.904
16299.847
16299.846
16299.820
16299.785
16299.755
16299.726
16299.699
16299.666
16299.665
16299.637
16299.611
16299.579
16299.551
16299.547
16299.522
16299.492
16299.461
16299.431
16299.402
16299.371
16299.334
16299.309
16299.251
16299.248
16299.214
16299.201
16299.194
16299.192
16299.125
16299.98
16299.64
16299.19
15063.2108
15063.2079
15063.2078
15063.2046
15063.2045
15063.2021
15063.1988
15063.1955
15063.1928
15063.1898
15063.1897
15063.1868
15063.1839
15063.1808
15063.1805
15063.1785
15063.1784
15063.1746
15063.1716
15063.1689
15063.1659
15063.1631
15063.1596
15063.1563
15063.1508
15063.1506
15063.1478
15063.1446
15063.1418
15063.1387
15063.1356
15063.1324
15063.1292
15063.1266
15063.1235
15063.1209
15063.1206
15063.1182
15063.1155
15063.1112
15063.1088
15063.1058
15063.1029
15063.994
15063.966
15063.936
15063.936
15063.909
15063.877
15063.850
15063.786
15063.729
15063.726
15063.675
15063.674
15063.632
15063.608
15063.540
15063.502
15063.483
15063.447
15063.413
15063.332
15063.296
15063.250
15063.138
14393.6252
14393.6167
14393.6085
14393.5996
14393.5989
14393.5921
14393.5850
14393.5786
14393.5717
14393.5648
14393.5582
14393.5502
14393.5501
14393.5429
14393.5427
14393.5356
14393.5291
14393.5246
14393.5192
14393.5127
14393.5125
14393.5066
14393.5006
14393.4946
14393.4889
14393.4886
14393.4827
14393.4825
14393.4771
14393.4770
14393.4704
14393.4651
14393.4583
14393.4532
14393.4530
14393.4470
14393.4467
14393.4402
14393.4350
14393.4288
14393.4283
14393.4225
14393.4169
14393.4104
14393.4048
14393.4046
14393.3986
14393.3930
14393.3866
14393.3808
14393.3755
14393.3750
14393.3686
14393.3659
14393.3630
14393.3595
14393.3564
14393.3542
14393.3504
14393.3474
14393.3443
14393.3384
14393.3326
14393.3300
14393.3274
14393.3243
14393.3242
14393.3206
14393.3204
14393.3181
14393.3144
14393.3115
14393.3085
14393.3056
14393.3053
14393.3025
14393.2999
14393.2972
14393.2969
14393.2941
14393.2908
14393.2906
14393.2879
14393.2848
14393.2828
14393.2791
14393.2759
14393.2724
14393.2670
14393.2665
14393.2641
14393.2639
14393.2608
14393.2580
14393.2551
14393.2515
14393.2485
14393.2457
14393.2430
14393.2396
14393.2395
14393.2368
14393.2363
14393.2339
14393.2312
14393.2273
14393.2248
14393.2214
14393.2189
14393.2156
14393.2155
14393.2125
14393.2097
14393.2068
14393.2035
14393.2007
14393.1944
14393.1914
14393.1884
14393.1797
14393.1794
14393.1770
14393.1737
14393.1715
14393.1670
14393.1613
14393.1593
14393.1537
14393.1532
14393.1480
14393.1378
14393.1358
14393.1198
14393.1066
14393.969
14393.953
14393.693
14393.576
14393.479
14393.447
14393.351
14393.321
14393.222
14393.187
14393.187
14393.105
14393.82
14393.51
14393.10
10586.1540
10586.1478
10586.1417
10586.1358
10586.1356
10586.1295
10586.1232
10586.1177
10586.1176
10586.1106
10586.1045
10586.1007
10586.965
10586.962
10586.916
10586.873
10586.839
10586.753
10586.713
10586.679
10586.633
10586.589
10586.545
10586.494
10586.420
10586.318
10586.218
10586.164
10586.122
10586.104
10586.71
10586.63
10586.36
10586.29
10586.17
10586.14
10586.11
10586.3
10240.20162
10240.20107
10240.20048
10240.19986
10240.19983
10240.19926
10240.19869
10240.19805
10240.19747
10240.19685
10240.19624
10240.19567
10240.19509
10240.19507
10240.19444
10240.19387
10240.19360
10240.19325
10240.19297
10240.19265
10240.19235
10240.19204
10240.19179
10240.19177
10240.19145
10240.19119
10240.19086
10240.19060
10240.19022
10240.19003
10240.18969
10240.18967
10240.18932
10240.18906
10240.18875
10240.18874
10240.18841
10240.18818
10240.18782
10240.18756
10240.18725
10240.18696
10240.18666
10240.18638
10240.18609
10240.18608
10240.18575
10240.18545
10240.18519
10240.18486
10240.18453
10240.18427
10240.18395
10240.18368
10240.18335
10240.18334
10240.18333
10240.18308
10240.18305
10240.18275
10240.18244
10240.18218
10240.18215
10240.18187
10240.18186
10240.18158
10240.18135
10240.18132
10240.18094
10240.18064
10240.18063
10240.18036
10240.18005
10240.17976
10240.17946
10240.17918
10240.17914
10240.17889
10240.17861
10240.17831
10240.17797
10240.17770
10240.17741
10240.17741
10240.17738
10240.17709
10240.17673
10240.17643
10240.17609
10240.17533
10240.17488
10240.17446
10240.17443
10240.17394
10240.17354
10240.17319
10240.17236
10240.17202
10240.17190
10240.17146
10240.17113
10240.17113
10240.17071
10240.17024
10240.16942
10240.16854
10240.16771
10240.16725
10240.16683
10240.16644
10240.16601
10240.16590
10240.16566
10240.16549
10240.16520
10240.16487
10240.16463
10240.16445
10240.16433
10240.16430
10240.16413
10240.16405
